25 13
3 2
20 150
8 23
20
5 3 2 4 7 5 6 8
50
Q ODG 1 1 5 110 4 14 Y
Q ODN 2 2 8 85 3 10 N
Q OT 3 3 6 60
Q OVC 4 4 7 95 1200
Q OVN 5 5 4 45 800
Q OVG 6 6 9 175 3500
Q ODG 7 7 3 55 2 8 Y
Q ODN 8 8 10 200 6 20 N
Q OT 9 9 2 30
Q OVC 10 10 5 70 2200
Q OVN 11 11 8 120 1500
Q OVG 12 12 6 150 4200
Q ODG 13 13 4 90 3 12 Y
Q ODN 14 14 7 130 5 18 N
Q OT 15 15 3 40
Q OVC 16 16 9 160 3100
Q OVN 17 17 2 25 600
Q OVG 18 18 10 195 4800
Q ODG 19 19 5 105 4 16 Y
Q ODN 20 20 6 115 7 22 N
Q OT 21 21 4 50
Q OVC 22 22 3 65 900
Q OVN 23 23 7 135 2800
Q OVG 24 24 8 165 3900
Q ODG 25 25 2 45 2 6 N
Q ODN 26 26 9 180 8 25 Y
Q OT 27 27 5 75
Q OVC 28 28 4 80 1800
Q OVN 29 29 6 100 2100
Q OVG 30 30 10 190 4500
Q ODG 31 31 3 60 3 10 Y
Q ODN 32 32 7 125 6 19 N
Q OT 33 33 2 35
Q OVC 34 34 5 88 1600
Q OVN 35 35 4 55 1100
Q OVG 36 36 8 170 4100
Q ODG 37 37 6 112 5 15 Y
Q ODN 38 38 3 48 2 7 N
Q OT 39 39 9 145
Q OVC 40 40 7 138 2600
X 15 4
X 20 10
X 25 16
X 30 22
X 35 28
Q OVN 41 41 5 92 1900
Q OVG 42 42 6 155 3700
Q ODG 43 43 4 78 3 11 Y
Q ODN 44 44 8 142 7 21 N
Q OT 45 45 3 42
Q OVC 46 46 9 168 3300
Q OVN 47 47 2 28 700
Q OVG 48 48 10 185 4700
Q ODN 49 49 5 98 4 13 N
Q OT 50 50 7 118
